1.00 487
2.00 472
3.00 482
4.00 471
5.00 483
6.00 482
7.00 472
8.00 483
9.00 472
10.00 482
11.00 461
12.00 472
13.00 482
14.00 472
15.00 482
16.00 472
17.00 483
18.00 482
19.00 461
20.00 462
21.00 482
22.00 472
23.00 482
24.00 472
25.00 483
26.00 482
27.00 472
28.00 482
29.00 472
30.00 482
31.00 482
32.00 472
33.00 482
34.00 472
35.00 482
36.00 482
37.00 472
38.00 482
39.00 471
40.00 482
41.00 483
42.00 472
43.00 482
44.00 472
45.00 482
46.00 482
47.00 472
48.00 482
49.00 482
50.00 473
51.00 482
52.00 472
53.00 482
54.00 472
55.00 482
56.00 482
57.00 472
58.00 482
59.00 472
60.00 482
61.00 482
62.00 472
63.00 482
64.00 472
65.00 482
66.00 482
67.00 472
68.00 482
69.00 472
70.00 482
71.00 482
72.00 472
73.00 482
74.00 472
75.00 482
76.00 482
77.00 472
78.00 482
79.00 481
80.00 473
81.00 482
82.00 472
83.00 482
84.00 473
85.00 482
86.00 483
87.00 472
88.00 482
89.00 472
90.00 482
91.00 482
92.00 471
93.00 483
94.00 472
95.00 482
96.00 482
97.00 472
98.00 482
99.00 472
100.00 482
101.00 483
102.00 472
103.00 482
104.00 472
105.00 482
106.00 482
107.00 472
108.00 482
109.00 472
110.00 482
111.00 482
112.00 472
113.00 482
114.00 472
115.00 482
116.00 482
117.00 472
118.00 482
119.00 472
120.00 482
