1.00 486
2.00 472
3.00 482
4.00 472
5.00 482
6.00 482
7.00 472
8.00 482
9.00 472
10.00 482
11.00 483
12.00 472
13.00 482
14.00 472
15.00 482
16.00 451
17.00 482
18.00 472
19.00 482
20.00 471
21.00 482
22.00 473
23.00 482
24.01 459
25.00 464
26.00 481
27.00 483
28.00 440
29.00 472
30.00 482
31.00 473
32.00 482
33.00 482
34.00 472
35.00 482
36.00 472
37.00 482
38.00 482
39.00 472
40.00 482
41.00 472
42.00 482
43.00 482
44.00 472
45.00 482
46.00 472
47.00 482
48.00 482
49.00 472
50.00 482
51.00 472
52.00 481
53.00 482
54.00 473
55.00 482
56.00 472
57.00 482
58.00 482
59.00 473
60.00 482
61.00 472
62.00 482
63.00 472
64.00 482
65.00 472
66.00 482
67.00 482
68.00 472
69.00 482
70.00 472
71.00 483
72.00 482
73.00 472
74.00 482
75.00 472
76.00 482
77.00 482
78.00 472
79.00 482
80.00 472
81.00 482
82.00 482
83.00 472
84.00 482
85.00 472
86.00 482
87.00 482
88.00 471
89.00 483
90.00 472
91.00 483
92.00 482
93.00 471
94.00 483
95.00 472
96.00 483
97.00 482
98.00 472
99.00 482
100.00 472
101.00 482
102.00 473
103.00 482
104.00 483
105.00 472
106.00 482
107.00 472
108.00 451
109.00 482
110.00 472
111.00 483
112.00 472
113.00 482
114.00 472
115.00 482
116.00 472
117.00 451
118.00 482
119.00 472
120.00 482
