1.00 460
2.00 483
3.00 472
4.00 481
5.00 483
6.00 472
7.00 482
8.00 472
9.00 481
10.00 483
11.00 472
12.00 482
13.00 472
14.00 482
15.00 472
16.00 482
17.00 472
18.00 482
19.00 471
20.00 482
21.00 483
22.00 471
23.00 483
24.00 472
25.00 482
26.00 482
27.00 472
28.00 482
29.00 472
30.00 482
31.00 472
32.00 482
33.00 482
34.00 472
35.00 482
36.00 472
37.00 481
38.00 473
39.00 482
40.00 482
41.00 472
42.00 482
43.00 472
44.00 482
45.00 482
46.00 472
47.00 482
48.00 472
49.00 482
50.00 472
51.00 481
52.00 483
53.00 472
54.00 482
55.00 472
56.00 482
57.00 482
58.00 472
59.00 482
60.00 472
61.00 482
62.00 482
63.00 472
64.00 482
65.00 471
66.00 483
67.00 472
68.00 481
69.00 483
70.00 472
71.00 482
72.00 471
73.00 482
74.00 483
75.00 472
76.00 482
77.00 472
78.00 482
79.00 472
80.00 482
81.00 482
82.00 472
83.00 481
84.00 483
85.00 472
86.00 482
87.00 472
88.00 482
89.00 473
90.00 482
91.00 482
92.00 472
93.00 482
94.00 471
95.00 483
96.00 482
97.00 471
98.00 483
99.00 472
100.00 482
101.00 472
102.00 482
103.00 482
104.00 472
105.00 482
106.00 472
107.00 482
108.00 472
109.00 482
110.00 482
111.00 472
112.00 482
113.00 482
114.00 473
115.00 482
116.00 472
117.00 482
118.00 473
119.00 482
120.00 482
