1.00 450
2.00 483
3.00 472
4.00 482
5.00 472
6.00 482
7.00 482
8.00 472
9.00 482
10.00 472
11.00 482
12.00 482
13.00 472
14.00 482
15.00 472
16.00 482
17.00 482
18.00 472
19.00 482
20.00 472
21.00 482
22.00 482
23.00 472
24.00 482
25.00 472
26.00 482
27.00 482
28.00 472
29.00 482
30.00 472
31.00 482
32.00 482
33.00 472
34.00 482
35.00 472
36.00 482
37.00 482
38.00 472
39.00 482
40.00 472
41.00 440
42.00 482
43.00 472
44.00 482
45.00 472
46.00 482
47.00 482
48.00 472
49.00 482
50.00 472
51.00 482
52.00 482
53.00 472
54.00 482
55.00 472
56.00 482
57.00 472
58.00 482
59.00 482
60.00 472
61.00 482
62.00 440
63.00 472
64.00 482
65.00 472
66.00 482
67.00 472
68.00 482
69.00 482
70.00 461
71.00 462
72.00 482
73.00 482
74.00 472
75.00 482
76.00 472
77.00 482
78.00 482
79.00 472
80.00 482
81.00 472
82.00 482
83.00 482
84.00 472
85.00 482
86.00 472
87.00 482
88.00 482
89.00 470
90.00 484
91.00 472
92.00 482
93.00 482
94.00 472
95.00 482
96.00 472
97.00 482
98.00 472
99.00 481
100.00 483
101.00 472
102.00 482
103.00 472
104.00 482
105.00 482
106.00 472
107.00 482
108.00 472
109.00 482
110.00 482
111.00 472
112.00 482
113.00 472
114.00 481
115.00 484
116.00 470
117.00 483
118.00 473
119.00 482
120.00 482
