1.00 446
2.00 483
3.00 483
4.00 472
5.00 482
6.00 472
7.00 482
8.00 472
9.00 482
10.00 482
11.00 472
12.00 482
13.00 472
14.00 482
15.00 482
16.00 472
17.00 482
18.00 472
19.00 482
20.00 472
21.00 482
22.00 482
23.00 472
24.00 471
25.00 451
26.00 482
27.00 471
28.00 472
29.00 483
30.00 441
31.00 482
32.00 472
33.00 482
34.00 482
35.00 472
36.00 482
37.00 470
38.00 484
39.00 472
40.00 482
41.00 482
42.00 472
43.00 482
44.00 472
45.00 482
46.00 472
47.00 482
48.00 482
49.00 472
50.00 482
51.00 472
52.00 482
53.00 482
54.00 441
55.00 470
56.00 421
57.00 472
58.00 472
59.00 471
60.00 483
61.00 472
62.00 482
63.00 472
64.00 482
65.00 472
66.00 482
67.00 482
68.00 472
69.00 482
70.00 472
71.00 482
72.00 482
73.00 472
74.00 482
75.00 472
76.00 430
77.00 482
78.00 472
79.00 482
80.00 482
81.00 472
82.00 482
83.00 472
84.00 451
85.00 430
86.00 472
87.00 482
88.00 482
89.00 472
90.00 451
91.00 482
92.00 472
93.00 482
94.00 482
95.00 472
96.00 482
97.00 472
98.00 482
99.00 472
100.00 482
101.00 482
102.00 472
103.00 482
104.00 472
105.00 482
106.00 482
107.00 472
108.00 482
109.00 472
110.00 482
111.00 472
112.00 482
113.00 482
114.00 472
115.00 482
116.00 472
117.00 482
118.00 482
119.00 472
120.00 482
