1.00 317
2.00 493
3.00 482
4.00 482
5.00 472
6.00 482
7.00 472
8.00 482
9.00 482
10.00 472
11.00 482
12.00 472
13.00 482
14.00 482
15.00 472
16.00 482
17.00 461
18.00 461
19.00 472
20.00 472
21.00 482
22.00 482
23.00 472
24.00 482
25.00 472
26.00 482
27.00 472
28.00 482
29.00 482
30.00 472
31.00 482
32.00 472
33.00 482
34.00 482
35.00 472
36.00 482
37.00 472
38.00 481
39.00 483
40.00 470
41.00 484
42.00 470
43.00 483
44.00 473
45.00 482
46.00 472
47.00 481
48.00 482
49.00 432
50.00 481
51.00 484
52.00 472
53.00 482
54.00 472
55.00 482
56.00 482
57.03 419
58.00 484
59.00 472
60.00 482
61.00 472
62.00 482
63.00 472
64.00 482
65.00 482
66.00 472
67.00 482
68.00 472
69.00 482
70.00 482
71.00 472
72.00 482
73.00 472
74.00 482
75.00 472
76.00 482
77.00 482
78.00 472
79.00 482
80.00 472
81.00 482
82.00 471
83.00 483
84.00 472
85.00 482
86.00 482
87.00 470
88.00 484
89.00 482
90.00 471
91.00 484
92.00 409
93.00 472
94.00 482
95.00 472
96.00 482
97.00 482
98.00 472
99.00 482
100.00 472
101.00 482
102.00 472
103.00 482
104.00 482
105.00 472
106.00 482
107.00 472
108.00 481
109.00 483
110.00 470
111.00 484
112.00 472
113.00 482
114.00 482
115.00 472
116.00 482
117.00 472
118.00 482
119.00 482
120.00 472
