1.00 11.4
2.00 12.0
3.00 16.7
4.00 22.9
5.00 40.7
6.00 40.9
7.00 52.4
8.00 84.1
9.00 105
10.00 126
11.00 136
12.00 147
13.00 147
14.00 147
15.00 147
16.00 157
17.00 147
18.00 147
19.00 157
20.00 157
21.00 157
22.00 168
23.00 168
24.00 178
25.00 178
26.00 189
27.00 199
28.00 199
29.00 210
30.00 231
31.00 231
32.00 241
33.00 241
34.00 241
35.00 241
36.00 242
37.00 241
38.00 241
39.00 241
40.00 241
41.00 241
42.00 241
43.00 241
44.00 242
45.00 251
46.00 231
47.00 231
48.00 241
49.00 231
50.00 220
51.00 241
52.00 241
53.00 241
54.00 241
55.00 241
56.00 241
57.00 241
58.00 242
59.00 241
60.00 241
61.00 241
62.00 241
63.00 252
64.00 241
65.00 241
66.00 241
67.00 241
68.00 241
69.00 241
70.00 241
71.00 242
72.00 241
73.00 241
74.00 241
75.00 252
76.00 241
77.00 241
78.00 241
79.00 231
80.00 231
81.00 241
82.00 241
83.00 241
84.00 241
85.00 242
86.00 252
87.00 241
88.00 241
89.00 241
90.00 241
91.00 241
92.00 241
93.00 241
94.00 241
95.00 241
96.00 241
97.00 242
98.00 241
99.00 252
100.00 241
101.00 241
102.00 241
103.00 241
104.00 241
105.00 242
106.00 241
107.00 241
108.00 241
109.00 241
110.00 241
111.00 241
112.00 252
113.00 241
114.00 241
115.00 241
116.00 241
117.00 241
118.00 241
119.00 294
120.00 472
