1.00 452
2.00 472
3.00 472
4.00 440
5.00 409
6.00 398
7.00 377
8.00 357
9.00 336
10.00 304
11.00 273
12.00 262
13.00 231
14.00 240
15.00 231
16.00 241
17.00 231
18.00 241
19.00 231
20.00 241
21.00 231
22.00 231
23.00 241
24.00 231
25.00 241
26.00 231
27.00 241
28.00 231
29.00 241
30.00 231
31.00 231
32.00 241
33.00 230
34.00 242
35.00 231
36.00 241
37.00 231
38.00 241
39.00 231
40.00 241
41.00 231
42.00 231
43.00 241
44.00 231
45.00 220
46.00 241
47.00 231
48.00 231
49.00 241
50.00 231
51.00 241
52.00 231
53.00 231
54.00 241
55.00 231
56.00 241
57.00 231
58.00 231
59.00 231
60.00 241
61.00 231
62.00 242
63.00 231
64.00 231
65.00 241
66.00 231
67.00 241
68.00 231
69.00 241
70.00 231
71.00 241
72.00 231
73.00 231
74.00 241
75.00 231
76.00 241
77.00 231
78.00 241
79.00 231
80.00 241
81.00 231
82.00 231
83.00 241
84.00 231
85.00 241
86.00 230
87.00 242
88.00 231
89.00 241
90.00 231
91.00 241
92.00 231
93.00 231
94.00 240
95.00 231
96.00 241
97.00 231
98.00 241
99.00 231
100.00 231
101.00 241
102.00 231
103.00 241
104.00 231
105.00 241
106.00 231
107.00 241
108.00 231
109.00 231
110.00 241
111.00 231
112.00 241
113.00 231
114.00 241
115.00 231
116.00 241
117.00 231
118.00 241
119.00 231
120.00 231
