1.00 445
2.00 482
3.00 461
4.00 472
5.00 461
6.00 451
7.00 451
8.00 440
9.00 419
10.00 398
11.00 388
12.00 356
13.00 336
14.00 336
15.00 325
16.00 325
17.00 335
18.00 325
19.00 325
20.00 325
21.00 325
22.00 315
23.00 314
24.00 315
25.00 304
26.00 304
27.00 294
28.00 283
29.00 273
30.00 273
31.00 262
32.00 252
33.00 241
34.00 242
35.00 231
36.00 231
37.00 241
38.00 231
39.00 241
40.00 231
41.00 241
42.00 230
43.00 242
44.00 231
45.00 230
46.00 242
47.00 230
48.00 220
49.00 231
50.00 241
51.00 220
52.00 220
53.00 230
54.00 231
55.00 241
56.00 231
57.00 241
58.00 231
59.00 241
60.00 231
61.00 231
62.00 241
63.00 231
64.00 241
65.00 230
66.00 242
67.00 231
68.00 241
69.00 231
70.00 241
71.00 231
72.00 231
73.00 241
74.00 231
75.00 241
76.00 231
77.00 241
78.00 231
79.00 241
80.00 231
81.00 231
82.00 220
83.00 241
84.00 231
85.00 241
86.00 231
87.00 231
88.00 241
89.00 231
90.00 241
91.00 231
92.00 241
93.00 231
94.00 241
95.00 231
96.00 241
97.00 231
98.00 241
99.00 231
100.00 231
101.00 241
102.00 231
103.00 241
104.00 230
105.00 242
106.00 231
107.00 241
108.00 231
109.00 241
110.00 231
111.00 231
112.00 241
113.00 231
114.00 241
115.00 231
116.00 241
117.00 231
118.00 241
119.00 231
120.00 241
