1.00 9.40
2.00 11.5
3.00 15.6
4.00 15.6
5.00 28.1
6.00 47.5
7.00 41.9
8.00 73.5
9.00 83.9
10.00 115
11.00 126
12.00 136
13.00 136
14.00 147
15.00 147
16.00 147
17.00 147
18.00 136
19.00 147
20.00 147
21.00 157
22.00 168
23.00 157
24.00 157
25.00 189
26.00 168
27.00 188
28.00 200
29.00 210
30.00 210
31.00 210
32.00 241
33.00 241
34.00 220
35.00 262
36.00 210
37.00 262
38.00 220
39.00 252
40.00 231
41.00 241
42.00 241
43.00 231
44.00 252
45.00 220
46.00 252
47.00 220
48.00 252
49.00 231
50.00 241
51.00 241
52.00 231
53.00 252
54.00 220
55.00 262
56.00 210
57.00 252
58.00 231
59.00 252
60.00 231
61.00 231
62.00 252
63.00 231
64.00 252
65.00 210
66.00 262
67.00 231
68.00 241
69.00 231
70.00 241
71.00 241
72.00 231
73.00 252
74.00 220
75.00 252
76.00 231
77.00 241
78.00 241
79.00 231
80.00 252
81.00 220
82.00 262
83.00 210
84.00 262
85.00 231
86.00 231
87.00 147
88.00 241
89.00 231
90.00 252
91.00 220
92.00 251
93.00 231
94.00 251
95.00 231
96.00 231
97.00 252
98.00 220
99.00 262
100.00 220
101.00 252
102.00 231
103.00 241
104.00 241
105.00 230
106.00 252
107.00 220
108.00 252
109.00 231
110.00 241
111.00 241
112.00 231
113.00 241
114.00 231
115.00 262
116.00 210
117.00 262
118.00 220
119.00 242
120.00 430
