1.00 9.51
2.00 11.5
3.00 16.1
4.00 21.9
5.00 21.8
6.00 48.1
7.00 52.5
8.00 62.9
9.00 83.9
10.00 115
11.00 94.1
12.00 116
13.00 105
14.00 105
15.00 115
16.00 94.1
17.00 126
18.00 105
19.00 126
20.00 115
21.00 126
22.00 126
23.00 147
24.00 136
25.00 157
26.00 178
27.00 168
28.00 199
29.00 189
30.00 210
31.00 231
32.00 210
33.00 252
34.00 241
35.00 220
36.00 262
37.00 210
38.00 262
39.00 220
40.00 252
41.00 241
42.00 231
43.00 252
44.00 220
45.00 262
46.00 210
47.00 262
48.00 231
49.00 241
50.00 241
51.00 231
52.00 252
53.00 210
54.00 262
55.00 231
56.00 241
57.00 241
58.00 231
59.00 252
60.00 220
61.00 262
62.00 220
63.00 251
64.00 231
65.00 241
66.00 241
67.00 231
68.00 251
69.00 221
70.00 252
71.00 231
72.00 241
73.00 251
74.00 221
75.00 262
76.00 210
77.00 262
78.00 220
79.00 252
80.00 231
81.00 241
82.00 252
83.00 220
84.00 252
85.00 220
86.00 262
87.00 231
88.00 241
89.00 241
90.00 220
91.00 262
92.00 210
93.00 262
94.00 231
95.00 241
96.00 241
97.00 230
98.00 252
99.00 220
100.00 262
101.00 220
102.00 252
103.00 231
104.00 241
105.00 241
106.00 230
107.00 252
108.00 220
109.00 252
110.00 231
111.00 241
112.00 241
113.00 230
114.00 252
115.00 220
116.00 262
117.00 220
118.00 252
119.00 325
120.00 482
