1.00 486
2.00 472
3.00 472
4.00 472
5.00 461
6.00 461
7.00 451
8.00 440
9.00 430
10.00 420
11.00 399
12.00 377
13.00 367
14.00 388
15.00 367
16.00 367
17.00 377
18.00 357
19.00 378
20.00 357
21.00 367
22.00 357
23.00 346
24.00 336
25.00 335
26.00 335
27.00 335
28.00 294
29.00 304
30.00 283
31.00 283
32.00 262
33.00 252
34.00 262
35.00 220
36.00 252
37.00 231
38.00 230
39.00 252
40.00 221
41.00 262
42.00 220
43.00 252
44.00 231
45.00 241
46.00 241
47.00 231
48.00 262
49.00 210
50.00 262
51.00 220
52.00 252
53.00 231
54.00 231
55.00 262
56.00 220
57.00 262
58.00 210
59.00 252
60.00 231
61.00 241
62.00 252
63.00 220
64.00 263
65.00 220
66.00 252
67.00 231
68.00 241
69.00 241
70.00 231
71.00 252
72.00 220
73.00 262
74.00 220
75.00 242
76.00 241
77.00 231
78.00 252
79.00 220
80.00 262
81.00 220
82.00 252
83.00 230
84.00 242
85.00 241
86.00 231
87.00 252
88.00 220
89.00 262
90.00 220
91.00 252
92.00 230
93.00 231
94.00 252
95.00 231
96.00 262
97.00 209
98.00 252
99.00 231
100.00 241
101.00 252
102.00 220
103.00 262
104.00 210
105.00 262
106.00 220
107.00 252
108.00 231
109.00 241
110.00 252
111.00 220
112.00 262
113.00 220
114.00 241
115.00 241
116.00 231
117.00 252
118.00 220
119.00 262
120.00 220
