1.00 424
2.00 398
3.00 388
4.00 357
5.00 325
6.00 315
7.00 273
8.00 262
9.00 231
10.00 210
11.00 210
12.00 231
13.00 252
14.00 210
15.00 241
16.00 252
17.00 220
18.00 262
19.00 210
20.00 262
21.00 231
22.00 241
23.00 241
24.00 221
25.00 262
26.00 210
27.00 273
28.00 220
29.00 241
30.00 241
31.00 231
32.00 251
33.00 220
34.00 263
35.00 220
36.00 252
37.00 231
38.00 241
39.00 241
40.00 231
41.00 252
42.00 220
43.00 262
44.00 220
45.00 241
46.00 241
47.00 231
48.00 252
49.00 220
50.00 262
51.00 220
52.00 251
53.00 231
54.00 241
55.00 241
56.00 231
57.00 252
58.00 220
59.00 262
60.00 221
61.00 252
62.00 230
63.00 231
64.00 262
65.00 209
66.00 263
67.00 220
68.00 252
69.00 231
70.00 241
71.00 252
72.00 220
73.00 262
74.00 210
75.00 262
76.00 220
77.00 252
78.00 241
79.00 230
80.00 252
81.00 210
82.00 273
83.00 210
84.00 252
85.00 241
86.00 231
87.00 252
88.00 220
89.00 262
90.00 210
91.00 262
92.00 231
93.00 241
94.00 241
95.00 231
96.00 252
97.00 210
98.00 273
99.00 220
100.00 252
101.00 231
102.00 231
103.00 252
104.00 220
105.00 262
106.00 220
107.00 252
108.00 230
109.00 241
110.00 252
111.00 220
112.00 262
113.00 210
114.00 262
115.00 220
116.00 252
117.00 241
118.00 220
119.00 262
120.00 388
