1.00 67.0
2.00 113
3.00 94.6
4.00 105
5.00 146
6.00 147
7.00 168
8.00 210
9.00 210
10.00 252
11.00 262
12.00 262
13.00 241
14.00 241
15.00 262
16.00 231
17.00 241
18.00 241
19.00 231
20.00 252
21.00 220
22.00 262
23.00 221
24.00 251
25.00 231
26.00 231
27.00 262
28.00 209
29.00 263
30.00 220
31.00 252
32.00 241
33.00 231
34.00 252
35.00 221
36.00 262
37.00 210
38.00 262
39.00 231
40.00 241
41.00 241
42.00 220
43.00 262
44.00 210
45.00 273
46.00 210
47.00 251
48.00 241
49.00 231
50.00 252
51.00 220
52.00 262
53.00 210
54.00 262
55.00 220
56.00 252
57.00 241
58.00 231
59.00 252
60.00 210
61.00 273
62.00 210
63.00 252
64.00 241
65.00 231
66.00 252
67.00 220
68.00 262
69.00 210
70.00 262
71.00 231
72.00 241
73.00 241
74.00 231
75.00 252
76.00 220
77.00 262
78.00 220
79.00 251
80.00 231
81.00 231
82.00 252
83.00 220
84.00 273
85.00 210
86.00 252
87.00 231
88.00 241
89.00 241
90.00 231
91.00 262
92.00 210
93.00 262
94.00 220
95.00 252
96.00 231
97.00 241
98.00 252
99.00 210
100.00 273
101.00 209
102.00 252
103.00 231
104.00 241
105.00 252
106.00 220
107.00 262
108.00 209
109.00 263
110.00 230
111.00 241
112.00 241
113.00 231
114.00 252
115.00 220
116.00 262
117.00 221
118.00 252
119.00 231
120.00 231
