1.00 490
2.00 471
3.00 471
4.00 462
5.00 462
6.00 461
7.00 440
8.00 440
9.00 419
10.00 408
11.00 399
12.00 357
13.00 346
14.00 335
15.00 325
16.00 325
17.00 325
18.00 325
19.00 336
20.00 336
21.00 325
22.00 325
23.00 315
24.00 304
25.00 325
26.00 294
27.00 304
28.00 283
29.00 273
30.00 283
31.00 262
32.00 251
33.00 263
34.00 231
35.00 241
36.00 231
37.00 241
38.00 241
39.00 231
40.00 252
41.00 220
42.00 252
43.00 231
44.00 241
45.00 241
46.00 231
47.00 252
48.00 220
49.00 252
50.00 220
51.00 262
52.00 220
53.00 241
54.00 231
55.00 252
56.00 241
57.00 220
58.00 252
59.00 220
60.00 262
61.00 220
62.00 252
63.00 231
64.00 241
65.00 241
66.00 231
67.00 252
68.00 220
69.00 262
70.00 220
71.00 241
72.00 231
73.00 241
74.00 241
75.00 231
76.00 252
77.00 220
78.00 262
79.00 220
80.00 251
81.00 231
82.00 241
83.00 241
84.00 231
85.00 252
86.00 220
87.00 252
88.00 147
89.00 220
90.00 241
91.00 241
92.00 231
93.00 252
94.00 220
95.00 262
96.00 220
97.00 252
98.00 230
99.00 241
100.00 241
101.00 231
102.00 252
103.00 220
104.00 252
105.00 231
106.00 241
107.00 241
108.00 231
109.00 252
110.00 220
111.00 262
112.00 220
113.00 252
114.00 231
115.00 241
116.00 231
117.00 241
118.00 241
119.00 220
120.00 252
