1.00 345
2.00 304
3.00 304
4.00 304
5.00 304
6.00 283
7.00 262
8.00 231
9.00 241
10.00 231
11.00 241
12.00 231
13.00 231
14.00 241
15.00 231
16.00 241
17.00 231
18.00 241
19.00 231
20.00 241
21.00 231
22.00 241
23.00 231
24.00 241
25.00 231
26.00 231
27.00 241
28.00 231
29.00 241
30.00 231
31.00 241
32.00 231
33.00 241
34.00 231
35.00 241
36.00 231
37.00 231
38.00 241
39.00 231
40.00 241
41.00 231
42.00 241
43.00 231
44.00 241
45.00 231
46.00 241
47.00 231
48.00 230
49.00 242
50.00 231
51.00 241
52.00 231
53.00 241
54.00 231
55.00 241
56.00 231
57.00 241
58.00 231
59.00 231
60.00 241
61.00 231
62.00 241
63.00 231
64.00 241
65.00 231
66.00 241
67.00 231
68.00 241
69.00 231
70.00 231
71.00 241
72.00 231
73.00 241
74.00 231
75.00 241
76.00 231
77.00 241
78.00 231
79.00 241
80.00 231
81.00 241
82.00 231
83.00 231
84.00 241
85.00 231
86.00 241
87.00 231
88.00 241
89.00 231
90.00 241
91.00 231
92.00 231
93.00 241
94.00 231
95.00 241
96.00 230
97.00 242
98.00 230
99.00 241
100.00 231
101.00 241
102.00 231
103.00 241
104.00 230
105.00 241
106.00 231
107.00 231
108.00 241
109.00 231
110.00 241
111.00 231
112.00 241
113.00 231
114.00 241
115.00 231
116.00 231
117.00 241
118.00 231
119.00 241
120.00 367
