1.00 584
2.00 503
3.00 503
4.00 493
5.00 493
6.00 493
7.00 493
8.00 472
9.00 472
10.00 472
11.00 482
12.00 472
13.00 482
14.00 472
15.00 472
16.00 482
17.00 472
18.00 472
19.00 472
20.00 482
21.00 472
22.00 472
23.00 482
24.00 472
25.00 472
26.00 472
27.00 482
28.00 472
29.00 472
30.00 482
31.00 472
32.00 472
33.00 482
34.00 472
35.00 482
36.00 472
37.00 482
38.00 472
39.00 472
40.00 482
41.00 472
42.00 482
43.00 472
44.00 472
45.00 482
46.00 472
47.00 472
48.00 482
49.00 472
50.00 482
51.00 472
52.00 472
53.00 482
54.00 472
55.00 482
56.00 472
57.00 472
58.00 482
59.00 472
60.00 482
61.00 472
62.00 472
63.00 482
64.00 472
65.00 472
66.00 482
67.00 472
68.00 482
69.00 472
70.00 482
71.00 472
72.00 472
73.00 482
74.00 472
75.00 472
76.00 482
77.00 472
78.00 482
79.00 472
80.00 472
81.00 482
82.00 472
83.00 482
84.00 472
85.00 472
86.00 482
87.00 472
88.00 472
89.00 482
90.00 472
91.00 482
92.00 472
93.00 472
94.00 472
95.00 482
96.00 472
97.00 472
98.00 482
99.00 472
100.00 482
101.00 472
102.00 472
103.00 482
104.00 472
105.00 472
106.00 482
107.00 472
108.00 482
109.00 472
110.00 472
111.00 482
112.00 472
113.00 472
114.00 482
115.00 472
116.00 482
117.00 472
118.00 493
119.00 430
120.00 954
