1.00 11.4
2.00 8.86
3.00 15.1
4.00 15.6
5.00 20.3
6.00 34.6
7.00 40.9
8.00 52.4
9.00 73.4
10.00 94.4
11.00 115
12.00 126
13.00 147
14.00 157
15.00 189
16.00 210
17.00 241
18.00 231
19.00 231
20.00 241
21.00 230
22.00 242
23.00 231
24.00 241
25.00 231
26.00 241
27.00 231
28.00 231
29.00 241
30.00 231
31.00 241
32.00 231
33.00 241
34.00 231
35.00 241
36.00 231
37.00 231
38.00 241
39.00 231
40.00 241
41.00 231
42.00 241
43.00 231
44.00 241
45.00 231
46.00 231
47.00 241
48.00 231
49.00 241
50.00 231
51.00 241
52.00 231
53.00 241
54.00 231
55.00 241
56.00 231
57.00 241
58.00 231
59.00 231
60.00 241
61.00 231
62.00 241
63.00 231
64.00 241
65.00 231
66.00 231
67.00 241
68.00 231
69.00 241
70.00 231
71.00 241
72.00 231
73.00 241
74.00 231
75.00 241
76.00 231
77.00 241
78.00 231
79.00 231
80.00 241
81.00 231
82.00 241
83.00 230
84.00 242
85.00 231
86.00 241
87.00 231
88.00 231
89.00 241
90.00 230
91.00 242
92.00 231
93.00 241
94.00 231
95.00 241
96.00 231
97.00 231
98.00 241
99.00 231
100.00 241
101.00 231
102.00 241
103.00 231
104.00 241
105.00 231
106.00 231
107.00 241
108.00 231
109.00 241
110.00 231
111.00 241
112.00 231
113.00 241
114.00 230
115.00 242
116.00 231
117.00 231
118.00 241
119.00 252
120.01 363
