1.00 477
2.00 482
3.00 451
4.00 451
5.00 440
6.00 441
7.00 430
8.00 430
9.00 430
10.00 419
11.00 409
12.00 388
13.00 377
14.00 356
15.00 325
16.00 304
17.00 283
18.00 262
19.00 231
20.00 252
21.00 231
22.00 252
23.00 241
24.00 241
25.00 241
26.00 241
27.00 241
28.00 241
29.00 241
30.00 252
31.00 241
32.00 241
33.00 241
34.00 241
35.00 241
36.00 241
37.00 241
38.00 241
39.00 241
40.00 252
41.00 241
42.00 241
43.00 241
44.00 241
45.00 241
46.00 241
47.00 241
48.00 241
49.00 241
50.00 241
51.00 241
52.00 241
53.00 241
54.00 241
55.00 241
56.00 241
57.00 241
58.00 241
59.00 241
60.00 241
61.00 241
62.00 241
63.00 241
64.00 241
65.00 241
66.00 241
67.00 241
68.00 241
69.00 241
70.00 252
71.00 241
72.00 241
73.00 241
74.00 241
75.00 241
76.00 241
77.00 241
78.00 241
79.00 241
80.00 241
81.00 241
82.00 241
83.00 252
84.00 241
85.00 241
86.00 241
87.00 241
88.00 241
89.00 241
90.00 241
91.00 241
92.00 241
93.00 241
94.00 241
95.00 252
96.00 241
97.00 241
98.00 241
99.00 241
100.00 241
101.00 241
102.00 241
103.00 241
104.00 241
105.00 241
106.00 241
107.00 241
108.00 252
109.00 241
110.00 241
111.00 241
112.00 241
113.00 241
114.00 241
115.00 241
116.00 241
117.00 252
118.00 241
119.00 241
120.00 241
