1.00 477
2.00 471
3.00 473
4.00 440
5.00 440
6.00 440
7.00 440
8.00 419
9.00 430
10.00 419
11.00 409
12.00 388
13.00 367
14.00 346
15.00 325
16.00 294
17.00 283
18.00 252
19.00 241
20.00 241
21.00 241
22.00 241
23.00 252
24.00 241
25.00 241
26.00 241
27.00 241
28.00 241
29.00 241
30.00 241
31.00 241
32.00 241
33.00 241
34.00 252
35.00 241
36.00 241
37.00 241
38.00 241
39.00 241
40.00 241
41.00 241
42.00 241
43.00 252
44.00 241
45.00 242
46.00 241
47.00 241
48.00 241
49.00 241
50.00 241
51.00 241
52.00 252
53.00 241
54.00 241
55.00 241
56.00 241
57.00 241
58.00 241
59.00 241
60.00 252
61.00 241
62.00 241
63.00 241
64.00 241
65.00 241
66.00 241
67.00 241
68.00 241
69.00 252
70.00 241
71.00 241
72.00 241
73.00 241
74.00 241
75.00 241
76.00 241
77.00 252
78.00 241
79.00 241
80.00 241
81.00 241
82.00 241
83.00 241
84.00 241
85.00 252
86.00 241
87.00 241
88.00 241
89.00 241
90.00 241
91.00 241
92.00 241
93.00 241
94.00 252
95.00 241
96.00 241
97.00 241
98.00 241
99.00 241
100.00 241
101.00 241
102.00 241
103.00 241
104.00 252
105.00 241
106.00 241
107.00 241
108.00 241
109.00 241
110.00 241
111.00 241
112.00 241
113.00 252
114.00 241
115.00 241
116.00 241
117.00 241
118.00 241
119.00 241
120.00 252
