1.00 587
2.00 493
3.00 503
4.00 472
5.00 472
6.00 482
7.00 472
8.00 472
9.00 482
10.00 472
11.00 482
12.00 472
13.00 472
14.00 482
15.00 472
16.00 482
17.00 472
18.00 472
19.00 482
20.00 472
21.00 472
22.00 482
23.00 472
24.00 482
25.00 472
26.00 472
27.00 482
28.00 472
29.00 482
30.00 472
31.00 482
32.00 472
33.00 482
34.00 472
35.00 472
36.00 482
37.00 472
38.00 482
39.00 472
40.00 482
41.00 472
42.00 482
43.00 472
44.00 472
45.00 482
46.00 472
47.00 482
48.00 472
49.00 482
50.00 472
51.00 482
52.00 472
53.00 472
54.00 482
55.00 472
56.00 482
57.00 472
58.00 472
59.00 482
60.00 472
61.00 482
62.00 472
63.00 472
64.00 482
65.00 472
66.00 482
67.00 472
68.00 482
69.00 472
70.00 472
71.00 482
72.00 472
73.00 472
74.00 482
75.00 472
76.00 482
77.00 472
78.00 472
79.00 482
80.00 482
81.00 472
82.00 472
83.00 482
84.00 472
85.00 482
86.00 472
87.00 482
88.00 472
89.00 472
90.00 482
91.00 472
92.00 472
93.00 482
94.00 472
95.00 482
96.00 472
97.00 482
98.00 472
99.00 482
100.00 472
101.00 482
102.00 472
103.00 482
104.00 472
105.00 482
106.00 472
107.00 472
108.00 482
109.00 472
110.00 482
111.00 472
112.00 482
113.00 472
114.00 472
115.00 482
116.00 472
117.00 482
118.00 472
119.00 514
120.00 933
