1.00 584
2.00 503
3.00 503
4.00 503
5.00 493
6.00 493
7.00 493
8.00 482
9.00 482
10.00 472
11.00 472
12.00 482
13.00 472
14.00 472
15.00 482
16.00 472
17.00 472
18.00 482
19.00 472
20.00 482
21.00 472
22.00 472
23.00 482
24.00 472
25.00 472
26.00 482
27.00 472
28.00 482
29.00 472
30.00 472
31.00 482
32.00 472
33.00 472
34.00 482
35.00 472
36.00 482
37.00 472
38.00 472
39.00 482
40.00 472
41.00 482
42.00 472
43.00 472
44.00 482
45.00 472
46.00 461
47.00 472
48.00 461
49.00 472
50.00 472
51.00 472
52.00 472
53.00 482
54.00 472
55.00 472
56.00 461
57.00 472
58.00 482
59.00 472
60.00 472
61.00 472
62.00 472
63.00 472
64.00 472
65.00 472
66.00 482
67.00 472
68.00 472
69.00 472
70.00 472
71.00 472
72.00 482
73.00 472
74.00 472
75.00 482
76.00 472
77.00 472
78.00 472
79.00 472
80.00 472
81.00 482
82.00 472
83.00 472
84.00 472
85.00 482
86.00 472
87.00 472
88.00 472
89.00 472
90.00 472
91.00 482
92.00 472
93.00 472
94.00 472
95.00 472
96.00 472
97.00 482
98.00 472
99.00 472
100.00 482
101.00 472
102.00 472
103.00 472
104.00 482
105.00 472
106.00 482
107.00 472
108.00 472
109.00 482
110.00 472
111.00 472
112.00 482
113.00 472
114.00 472
115.00 482
116.00 472
117.00 482
118.00 472
119.00 524
120.00 744
