1.00 9.63
2.00 8.34
3.00 14.6
4.00 14.6
5.00 26.1
6.00 35.5
7.00 41.3
8.00 52.4
9.00 73.4
10.00 83.9
11.00 115
12.00 126
13.00 136
14.00 168
15.00 189
16.00 210
17.00 231
18.00 241
19.00 231
20.00 231
21.00 241
22.00 231
23.00 241
24.00 231
25.00 241
26.00 231
27.00 241
28.00 231
29.00 231
30.00 241
31.00 231
32.00 241
33.00 231
34.00 241
35.00 231
36.00 241
37.00 231
38.00 241
39.00 231
40.00 231
41.00 241
42.00 231
43.00 241
44.00 231
45.00 241
46.00 231
47.00 231
48.00 241
49.00 231
50.00 231
51.00 231
52.00 241
53.00 231
54.00 241
55.00 231
56.00 231
57.00 241
58.00 231
59.00 231
60.00 241
61.00 231
62.00 241
63.00 231
64.00 231
65.00 241
66.00 231
67.00 241
68.00 231
69.00 231
70.00 241
71.00 231
72.00 241
73.00 231
74.00 231
75.00 241
76.00 231
77.00 241
78.00 231
79.00 231
80.00 241
81.00 231
82.00 241
83.00 231
84.00 241
85.00 231
86.00 231
87.00 241
88.00 231
89.00 241
90.00 231
91.00 241
92.00 231
93.00 231
94.00 241
95.00 231
96.00 241
97.00 231
98.00 231
99.00 241
100.00 230
101.00 242
102.00 231
103.00 241
104.00 231
105.00 230
106.00 241
107.00 231
108.00 241
109.00 231
110.00 241
111.00 231
112.00 241
113.00 231
114.00 231
115.00 241
116.00 231
117.00 241
118.00 231
119.00 283
120.00 430
