1.00 62.1
2.00 192
3.00 178
4.00 168
5.00 147
6.00 178
7.00 189
8.00 220
9.00 241
10.00 252
11.00 241
12.00 241
13.00 241
14.00 241
15.00 241
16.00 241
17.00 241
18.00 241
19.00 252
20.00 241
21.00 241
22.00 241
23.00 241
24.00 241
25.00 241
26.00 241
27.00 252
28.00 241
29.00 241
30.00 241
31.00 241
32.00 241
33.00 241
34.00 241
35.00 252
36.00 241
37.00 241
38.00 241
39.00 241
40.00 241
41.00 241
42.00 241
43.00 241
44.00 252
45.00 241
46.00 241
47.00 241
48.00 241
49.00 241
50.00 242
51.00 252
52.00 241
53.00 241
54.00 241
55.00 241
56.00 241
57.00 241
58.00 241
59.00 241
60.00 252
61.00 241
62.00 241
63.00 241
64.00 241
65.00 241
66.00 241
67.00 241
68.00 252
69.00 241
70.00 241
71.00 241
72.00 241
73.00 241
74.00 241
75.00 241
76.00 252
77.00 241
78.00 241
79.00 241
80.00 241
81.00 241
82.00 241
83.00 242
84.00 252
85.00 241
86.00 241
87.00 241
88.00 241
89.00 241
90.00 241
91.00 241
92.00 252
93.00 241
94.00 241
95.00 241
96.00 241
97.00 241
98.00 241
99.00 241
100.00 252
101.00 241
102.00 241
103.00 241
104.00 241
105.00 241
106.00 241
107.00 241
108.00 241
109.00 252
110.00 241
111.00 241
112.00 241
113.00 241
114.00 241
115.00 241
116.00 241
117.00 252
118.00 241
119.00 241
120.00 241
