1.00 213
2.00 31.4
3.00 31.5
4.00 21.0
5.00 31.5
6.00 31.5
7.00 31.5
8.00 41.9
9.00 21.0
10.00 31.4
11.00 31.5
12.00 31.5
13.00 52.4
14.00 21.0
15.00 31.5
16.00 52.4
17.00 31.5
18.00 41.9
19.00 42.0
20.00 41.9
21.00 42.0
22.00 31.5
23.00 41.9
24.00 31.5
25.00 31.5
26.00 31.5
27.00 41.9
28.00 52.4
29.00 41.9
30.00 21.0
31.00 41.9
32.00 41.9
33.00 31.5
34.00 41.9
35.00 41.9
36.00 31.5
37.00 31.5
38.00 21.0
39.00 21.0
40.00 41.9
41.00 41.9
42.00 83.9
43.00 21.0
44.00 31.5
45.00 41.9
46.00 41.9
47.00 52.4
48.00 21.0
49.00 62.9
50.00 52.4
51.00 52.4
52.00 31.4
53.00 42.0
54.00 41.9
55.00 41.9
56.00 41.9
57.00 31.5
58.00 31.5
59.00 31.5
60.00 42.0
61.00 41.9
62.00 83.9
63.00 62.9
64.00 21.0
65.00 73.4
66.00 52.4
67.00 41.9
68.00 31.5
69.00 41.9
70.00 73.4
71.00 41.9
72.00 41.9
73.00 31.5
74.00 31.5
75.00 41.9
76.00 41.9
77.00 21.0
78.00 31.5
79.00 41.9
80.00 31.5
81.00 52.4
82.00 31.5
83.00 21.0
84.00 41.9
85.00 41.9
86.00 21.0
87.00 52.4
88.00 31.5
89.00 31.5
90.00 31.5
91.00 21.0
92.00 42.0
93.00 31.5
94.00 41.9
95.00 42.0
96.00 21.0
97.00 31.5
98.00 41.9
99.00 31.5
100.00 31.4
101.00 42.0
102.00 31.5
103.00 31.5
104.00 21.0
105.00 21.0
106.00 21.0
107.00 42.0
108.00 52.4
109.00 31.5
110.00 31.5
111.00 41.9
112.00 31.5
113.00 31.5
114.00 21.0
115.00 73.4
116.00 21.0
117.00 41.9
118.00 21.0
119.00 31.5
120.00 21.0
