1.00 88.8
2.00 7.29
3.00 14.6
4.00 21.9
5.00 7.30
6.00 21.9
7.00 14.6
8.00 14.6
9.00 21.9
10.00 7.30
11.00 14.6
12.00 14.6
13.00 14.6
14.00 14.6
15.00 7.29
16.00 21.9
17.00 14.6
18.00 7.30
19.00 21.9
20.00 7.29
21.00 7.30
22.00 7.30
23.00 14.6
24.00 14.6
25.00 7.31
26.00 21.9
27.00 7.30
28.00 14.6
29.00 14.6
30.00 29.2
31.00 21.9
32.00 7.29
33.00 14.6
34.00 7.30
35.00 14.6
36.00 14.6
37.00 7.30
38.00 21.9
39.00 7.30
40.00 14.6
41.00 21.9
42.00 14.6
43.00 14.6
44.00 14.6
45.00 7.30
46.00 21.9
47.00 21.9
48.00 7.30
49.00 21.9
50.00 0.00
51.00 21.9
52.00 14.6
53.00 14.6
54.00 21.9
55.00 7.30
56.00 21.9
57.00 14.6
58.00 21.9
59.00 7.29
60.00 7.30
61.00 21.9
62.00 14.6
63.00 21.9
64.00 14.6
65.00 21.9
66.00 7.30
67.00 14.6
68.00 14.6
69.00 7.30
70.00 29.2
71.00 7.29
72.00 14.6
73.00 7.28
74.00 14.6
75.00 7.29
76.00 7.30
77.00 7.30
78.00 14.6
79.00 0.00
80.00 14.6
81.00 7.30
82.00 21.9
83.00 7.30
84.00 14.6
85.00 14.6
86.00 14.6
87.00 7.31
88.00 7.30
89.00 14.6
90.00 14.6
91.00 21.9
92.00 7.30
93.00 7.30
94.00 21.9
95.00 14.6
96.00 14.6
97.00 14.6
98.00 7.30
99.00 14.6
100.00 21.9
101.00 0.00
102.00 7.30
103.00 7.30
104.00 14.6
105.00 29.2
106.00 14.6
107.00 14.6
108.00 21.9
109.00 7.29
110.00 14.6
111.00 21.9
112.00 7.29
113.00 7.30
114.00 21.9
115.00 14.6
116.00 7.29
117.00 14.6
118.00 7.30
119.00 14.6
120.00 14.6
