1.00 3.62
2.00 1.56
3.00 1.56
4.00 0.00
5.00 1.04
6.00 0.00
7.00 0.00
8.00 0.00
9.00 0.00
10.00 0.00
11.00 0.520
12.00 0.523
13.00 1.04
14.00 0.00
15.00 0.00
16.00 0.00
17.00 0.00
18.00 0.00
19.00 1.04
20.00 1.56
21.00 3.65
22.00 2.61
23.00 3.13
24.00 0.00
25.00 1.56
26.00 1.04
27.00 1.56
28.00 1.56
29.00 1.56
30.00 2.09
31.00 1.04
32.00 1.56
33.00 1.56
34.00 0.00
35.00 1.56
36.00 0.521
37.00 0.521
38.00 2.09
39.00 3.65
40.00 4.17
41.00 5.21
42.00 1.04
43.00 0.521
44.00 0.521
45.00 0.521
46.00 1.56
47.00 2.61
48.00 2.61
49.00 0.521
50.00 0.00
51.00 0.00
52.00 1.04
53.00 0.00
54.00 0.521
55.00 0.00
56.00 1.04
57.00 1.57
58.00 4.17
59.00 0.521
60.00 0.00
61.00 3.13
62.00 0.521
63.00 0.522
64.00 1.56
65.00 0.00
66.00 0.521
67.00 0.00
68.00 3.13
69.00 4.17
70.00 0.521
71.00 1.56
72.00 1.56
73.00 2.08
74.00 2.09
75.00 1.56
76.00 1.56
77.00 1.56
78.00 5.73
79.00 2.61
80.00 0.521
81.00 2.61
82.00 0.521
83.00 1.57
84.00 0.00
85.00 2.09
86.00 3.13
87.00 1.56
88.00 1.04
89.00 3.65
90.00 0.521
91.00 3.13
92.00 1.56
93.00 1.04
94.00 1.56
95.00 3.65
96.00 3.65
97.00 0.521
98.00 2.09
99.00 2.08
100.00 1.56
101.00 1.56
102.00 2.61
103.00 1.04
104.00 3.13
105.00 1.57
106.00 2.08
107.00 1.04
108.00 0.00
109.00 1.57
110.00 1.56
111.00 0.521
112.00 2.60
113.00 1.57
114.00 0.521
115.00 0.521
116.00 0.521
117.00 0.522
118.00 0.00
119.00 1.04
120.00 2.61
